K:
  - [939.57798, -2056.282369, 0.0]
  - [641.10308, 0.0, -2056.282369]
  - [1.0, 0.0, 0.0]
T:
  - [1.0, 0.0, 0.0, 0.0]
  - [0.0, 1.0, 0.0, 0.0]
  - [0.0, 0.0, 1.0, 0.0]
  - [0.0, 0.0, 0.0, 1.0]
R:
  - [1.0, 0.0, 0.0, 0.0]
  - [0.0, 1.0, 0.0, 0.0]
  - [0.0, 0.0, 1.0, 0.0]
  - [0.0, 0.0, 0.0, 1.0]
D: [0.0, 0.0, 0.0, 0.0, 0.0]
distortion_model: 1
reference: Self
